image: flat_occupancy_map3.png
resolution: 0.05
origin: [-6.075000381469726, -6.074999904632568, 0.0000]
negate: 0
occupied_thresh: 0.65
free_thresh: 0.196
